0 (leeg)
int man8[][]=  {   { 0,0,0,0,0,0,0,0},
                    { 0,0,0,0,0,0,0,0},
                    { 0,0,0,0,0,0,0,0},
                    { 0,0,0,0,0,0,0,0},
                    { 0,0,0,0,0,0,0,0},
                    { 0,0,0,0,0,0,0,0},
                    { 0,0,0,0,0,0,0,0},
                    { 0,0,0,0,0,0,0,0} };


1 ( 1 balk)
int man7[][]=  {   { 1,0,0,0,0,0,0,0},
                    { 1,0,0,0,0,0,0,0},
                    { 1,0,0,0,0,0,0,0},
                    { 1,0,0,0,0,0,0,0},
                    { 1,0,0,0,0,0,0,0},
                    { 1,0,0,0,0,0,0,0},
                    { 1,0,0,0,0,0,0,0},
                    { 1,0,0,0,0,0,0,0} };


2 (2 balken)
int man6[][]=  {   { 1,1,1,1,1,1,1,1},
                    { 1,0,0,0,0,0,0,0},
                    { 1,0,0,0,0,0,0,0},
                    { 1,0,0,0,0,0,0,0},
                    { 1,0,0,0,0,0,0,0},
                    { 1,0,0,0,0,0,0,0},
                    { 1,0,0,0,0,0,0,0},
                    { 1,0,0,0,0,0,0,0} };


3 (3 balken)
int man5[][]=  {   { 1,1,1,1,1,1,1,1},
                    { 1,0,1,0,0,0,0,0},
                    { 1,1,0,0,0,0,0,0},
                    { 1,0,0,0,0,0,0,0},
                    { 1,0,0,0,0,0,0,0},
                    { 1,0,0,0,0,0,0,0},
                    { 1,0,0,0,0,0,0,0},
                    { 1,0,0,0,0,0,0,0} };

4 (touw)
int man4[][]=  {   { 1,1,1,1,1,1,1,1},
                    { 1,0,1,0,0,1,0,0},
                    { 1,1,0,0,0,1,0,0},
                    { 1,0,0,0,0,0,0,0},
                    { 1,0,0,0,0,0,0,0},
                    { 1,0,0,0,0,0,0,0},
                    { 1,0,0,0,0,0,0,0},
                    { 1,0,0,0,0,0,0,0} };


5 (hoofd)
int man3[][]=  {   { 1,1,1,1,1,1,1,1},
                    { 1,0,1,0,0,1,0,0},
                    { 1,1,0,0,0,1,0,0},
                    { 1,0,0,0,1,0,1,0},
                    { 1,0,0,0,0,1,0,0},
                    { 1,0,0,0,0,0,0,0},
                    { 1,0,0,0,0,0,0,0},
                    { 1,0,0,0,0,0,0,0} };

6 (body)
int man2[][]=  {   { 1,1,1,1,1,1,1,1},
                    { 1,0,1,0,0,1,0,0},
                    { 1,1,0,0,0,1,0,0},
                    { 1,0,0,0,1,0,1,0},
                    { 1,0,0,0,0,1,0,0},
                    { 1,0,0,0,0,1,0,0},
                    { 1,0,0,0,0,1,0,0},
                    { 1,0,0,0,0,0,0,0} };

7 (arms/legs ~ dead)
int man1[][]=  {   { 1,1,1,1,1,1,1,1},
                    { 1,0,1,0,0,1,0,0},
                    { 1,1,0,0,0,1,0,0},
                    { 1,0,0,0,1,0,1,0},
                    { 1,0,0,0,0,1,0,0},
                    { 1,0,0,0,1,1,1,0},
                    { 1,0,0,0,0,1,0,0},
                    { 1,0,0,0,1,0,1,0} };

